0.2719480440 0.0319260442 -0.0334590000 0.0062530758 0.0079981857 0.0000000000 0.0000391010 0.0000639710 0.0000000000
0.2712062911 0.0196850598 -0.0334590000 0.0061307898 0.0077300587 0.0000000000 0.0000375866 0.0000597538 0.0000000000
0.2701406822 0.0073311584 -0.0334590000 0.0061060896 0.0076500812 0.0000000000 0.0000372843 0.0000585237 0.0000000000
0.2692931527 -0.0049581122 -0.0334590000 0.0060784560 0.0075803503 0.0000000000 0.0000369476 0.0000574617 0.0000000000
0.2685647954 -0.0171670955 -0.0334590000 0.0060703313 0.0075215777 0.0000000000 0.0000368489 0.0000565741 0.0000000000
0.2676016672 -0.0292473850 -0.0334590000 0.0061038537 0.0075508337 0.0000000000 0.0000372570 0.0000570151 0.0000000000
0.2668531941 -0.0411975224 -0.0334590000 0.0061675571 0.0075000245 0.0000000000 0.0000380388 0.0000562504 0.0000000000
0.2658214801 -0.0530471890 -0.0334590000 0.0062474165 0.0075757430 0.0000000000 0.0000390302 0.0000573919 0.0000000000
0.2617301121 0.0339261645 -0.0334590000 0.0056968956 0.0079569365 0.0000000000 0.0000324546 0.0000633128 0.0000000000
0.2607955317 0.0212755889 -0.0334590000 0.0055769555 0.0075530737 0.0000000000 0.0000311024 0.0000570489 0.0000000000
0.2598450102 0.0085676806 -0.0334590000 0.0054885038 0.0073064288 0.0000000000 0.0000301237 0.0000533839 0.0000000000
0.2589900610 -0.0040788422 -0.0334590000 0.0054305313 0.0071631762 0.0000000000 0.0000294907 0.0000513111 0.0000000000
0.2583394750 -0.0166545799 -0.0334590000 0.0053697718 0.0070272777 0.0000000000 0.0000288344 0.0000493826 0.0000000000
0.2575310540 -0.0291431362 -0.0334590000 0.0053502777 0.0069776417 0.0000000000 0.0000286255 0.0000486875 0.0000000000
0.2565836515 -0.0414028480 -0.0334590000 0.0053795049 0.0070189265 0.0000000000 0.0000289391 0.0000492653 0.0000000000
0.2556253651 -0.0536570806 -0.0334590000 0.0054311253 0.0070789341 0.0000000000 0.0000294971 0.0000501113 0.0000000000
0.2508553103 0.0360386900 -0.0334590000 0.0055592665 0.0081251646 0.0000000000 0.0000309054 0.0000660183 0.0000000000
0.2498410186 0.0229397691 -0.0334590000 0.0054019949 0.0075139275 0.0000000000 0.0000291815 0.0000564591 0.0000000000
0.2490012633 0.0099022580 -0.0334590000 0.0052710442 0.0071059557 0.0000000000 0.0000277839 0.0000504946 0.0000000000
0.2481331161 -0.0031418528 -0.0334590000 0.0051724022 0.0068401375 0.0000000000 0.0000267537 0.0000467875 0.0000000000
0.2474396286 -0.0161001781 -0.0334590000 0.0051012590 0.0066518006 0.0000000000 0.0000260228 0.0000442465 0.0000000000
0.2464866383 -0.0289202312 -0.0334590000 0.0050605405 0.0066196761 0.0000000000 0.0000256091 0.0000438201 0.0000000000
0.2455478734 -0.0415248412 -0.0334590000 0.0050486329 0.0066588520 0.0000000000 0.0000254887 0.0000443403 0.0000000000
0.2446077801 -0.0541192985 -0.0334590000 0.0050517597 0.0067803408 0.0000000000 0.0000255203 0.0000459730 0.0000000000
0.2392919276 0.0382888208 -0.0334590000 0.0059630389 0.0085278039 0.0000000000 0.0000355578 0.0000727234 0.0000000000
0.2383387594 0.0248068958 -0.0334590000 0.0057906753 0.0076782982 0.0000000000 0.0000335319 0.0000589563 0.0000000000
0.2374447491 0.0113076175 -0.0334590000 0.0056467341 0.0070729516 0.0000000000 0.0000318856 0.0000500266 0.0000000000
0.2365409281 -0.0021444258 -0.0334590000 0.0055244129 0.0066755064 0.0000000000 0.0000305191 0.0000445624 0.0000000000
0.2358391467 -0.0155245304 -0.0334590000 0.0054547879 0.0064068470 0.0000000000 0.0000297547 0.0000410477 0.0000000000
0.2348787208 -0.0287264916 -0.0334590000 0.0053794036 0.0063353482 0.0000000000 0.0000289380 0.0000401366 0.0000000000
0.2339773266 -0.0417311201 -0.0334590000 0.0053177116 0.0063782739 0.0000000000 0.0000282781 0.0000406824 0.0000000000
0.2331674447 -0.0548368955 -0.0334590000 0.0053072292 0.0064999272 0.0000000000 0.0000281667 0.0000422491 0.0000000000
0.2269658176 0.0406962959 -0.0334590000 0.0069892960 0.0091861258 0.0000000000 0.0000488503 0.0000843849 0.0000000000
0.2260072392 0.0267467328 -0.0334590000 0.0067995649 0.0080822395 0.0000000000 0.0000462341 0.0000653226 0.0000000000
0.2251076883 0.0128004988 -0.0334590000 0.0066577875 0.0072773064 0.0000000000 0.0000443261 0.0000529592 0.0000000000
0.2242503798 -0.0010975959 -0.0334590000 0.0065446002 0.0067087900 0.0000000000 0.0000428318 0.0000450079 0.0000000000
0.2234668046 -0.0149030119 -0.0334590000 0.0064945725 0.0063558669 0.0000000000 0.0000421795 0.0000403970 0.0000000000
0.2226073414 -0.0285737270 -0.0334590000 0.0064168585 0.0062040980 0.0000000000 0.0000411761 0.0000384908 0.0000000000
0.2216872449 -0.0420044245 -0.0334590000 0.0063446243 0.0062498881 0.0000000000 0.0000402543 0.0000390611 0.0000000000
0.2208892845 -0.0555449828 -0.0334590000 0.0063527183 0.0064662930 0.0000000000 0.0000403570 0.0000418129 0.0000000000
0.2140924686 0.0434368293 -0.0334590000 0.0086208148 0.0101962595 0.0000000000 0.0000743184 0.0001039637 0.0000000000
0.2130734949 0.0288523299 -0.0334590000 0.0083864684 0.0087857375 0.0000000000 0.0000703329 0.0000771892 0.0000000000
0.2121821567 0.0144251317 -0.0334590000 0.0082554729 0.0077439550 0.0000000000 0.0000681528 0.0000599688 0.0000000000
0.2113100937 0.0000332379 -0.0334590000 0.0081536053 0.0070045231 0.0000000000 0.0000664813 0.0000490633 0.0000000000
0.2104666756 -0.0142419857 -0.0334590000 0.0080931066 0.0065230300 0.0000000000 0.0000654984 0.0000425499 0.0000000000
0.2095983811 -0.0283735912 -0.0334590000 0.0080302121 0.0063164870 0.0000000000 0.0000644843 0.0000398980 0.0000000000
0.2088127782 -0.0423168173 -0.0334590000 0.0080405525 0.0063629223 0.0000000000 0.0000646505 0.0000404868 0.0000000000
0.2079969880 -0.0563765864 -0.0334590000 0.0080753128 0.0066597765 0.0000000000 0.0000652107 0.0000443526 0.0000000000
