0.2638846217 0.0319703666 -0.0330000000 0.0057954980 0.0071529345 0.0000000000 0.0000335878 0.0000511645 0.0000000000
0.2631132533 0.0200403563 -0.0330000000 0.0055983795 0.0062663755 0.0000000000 0.0000313419 0.0000392675 0.0000000000
0.2620341782 0.0080147271 -0.0330000000 0.0054890077 0.0056203728 0.0000000000 0.0000301292 0.0000315886 0.0000000000
0.2611820799 -0.0039324996 -0.0330000000 0.0053930131 0.0051803344 0.0000000000 0.0000290846 0.0000268359 0.0000000000
0.2604656347 -0.0157932705 -0.0330000000 0.0053309835 0.0049347031 0.0000000000 0.0000284194 0.0000243513 0.0000000000
0.2595405605 -0.0275292602 -0.0330000000 0.0053217182 0.0049301153 0.0000000000 0.0000283207 0.0000243060 0.0000000000
0.2588379201 -0.0391416527 -0.0330000000 0.0053587035 0.0050317942 0.0000000000 0.0000287157 0.0000253190 0.0000000000
0.2578658080 -0.0506559167 -0.0330000000 0.0054127077 0.0053559428 0.0000000000 0.0000292974 0.0000286861 0.0000000000
0.2539605382 0.0339508115 -0.0330000000 0.0051885627 0.0076794381 0.0000000000 0.0000269212 0.0000589738 0.0000000000
0.2529905000 0.0216024299 -0.0330000000 0.0049736881 0.0065984226 0.0000000000 0.0000247376 0.0000435392 0.0000000000
0.2520155385 0.0092229843 -0.0330000000 0.0047956056 0.0057360908 0.0000000000 0.0000229978 0.0000329027 0.0000000000
0.2511526144 -0.0030741847 -0.0330000000 0.0046612713 0.0051438349 0.0000000000 0.0000217275 0.0000264590 0.0000000000
0.2505113201 -0.0152909413 -0.0330000000 0.0045470464 0.0047829180 0.0000000000 0.0000206756 0.0000228763 0.0000000000
0.2497397439 -0.0274248771 -0.0330000000 0.0044889536 0.0046895984 0.0000000000 0.0000201507 0.0000219923 0.0000000000
0.2488511264 -0.0393461998 -0.0330000000 0.0044940757 0.0048603451 0.0000000000 0.0000201967 0.0000236230 0.0000000000
0.2479620156 -0.0512698085 -0.0330000000 0.0045320518 0.0052270998 0.0000000000 0.0000205395 0.0000273226 0.0000000000
0.2433853386 0.0360395802 -0.0330000000 0.0050973374 0.0084227066 0.0000000000 0.0000259828 0.0000709420 0.0000000000
0.2423349925 0.0232334102 -0.0330000000 0.0048515256 0.0071054813 0.0000000000 0.0000235373 0.0000504879 0.0000000000
0.2414665399 0.0105239630 -0.0330000000 0.0046428332 0.0060842199 0.0000000000 0.0000215559 0.0000370177 0.0000000000
0.2405904373 -0.0021628381 -0.0330000000 0.0044788407 0.0053141171 0.0000000000 0.0000200600 0.0000282398 0.0000000000
0.2399067097 -0.0147509229 -0.0330000000 0.0043650414 0.0048523343 0.0000000000 0.0000190536 0.0000235451 0.0000000000
0.2389953812 -0.0272084510 -0.0330000000 0.0042856761 0.0047062044 0.0000000000 0.0000183670 0.0000221484 0.0000000000
0.2381160959 -0.0394704375 -0.0330000000 0.0042564411 0.0048777507 0.0000000000 0.0000181173 0.0000237925 0.0000000000
0.2372483560 -0.0517378974 -0.0330000000 0.0042530964 0.0053146349 0.0000000000 0.0000180888 0.0000282453 0.0000000000
0.2321347829 0.0382708971 -0.0330000000 0.0056985730 0.0093887533 0.0000000000 0.0000324737 0.0000881487 0.0000000000
0.2311501912 0.0250685793 -0.0330000000 0.0054657593 0.0078734356 0.0000000000 0.0000298745 0.0000619910 0.0000000000
0.2302345999 0.0118953142 -0.0330000000 0.0052742411 0.0066486796 0.0000000000 0.0000278176 0.0000442049 0.0000000000
0.2293273037 -0.0011950749 -0.0330000000 0.0051105120 0.0057095002 0.0000000000 0.0000261173 0.0000325984 0.0000000000
0.2286352233 -0.0141955910 -0.0330000000 0.0050263356 0.0051508972 0.0000000000 0.0000252640 0.0000265317 0.0000000000
0.2277136465 -0.0270271630 -0.0330000000 0.0049289131 0.0049305370 0.0000000000 0.0000242942 0.0000243102 0.0000000000
0.2268660711 -0.0396842525 -0.0330000000 0.0048639372 0.0050939470 0.0000000000 0.0000236579 0.0000259483 0.0000000000
0.2261190324 -0.0524618281 -0.0330000000 0.0048659859 0.0056029406 0.0000000000 0.0000236778 0.0000313929 0.0000000000
0.2201328458 0.0406745123 -0.0330000000 0.0070113331 0.0105486445 0.0000000000 0.0000491588 0.0001112739 0.0000000000
0.2191584482 0.0269877858 -0.0330000000 0.0067958851 0.0088261324 0.0000000000 0.0000461841 0.0000779006 0.0000000000
0.2182499580 0.0133587987 -0.0330000000 0.0066313033 0.0074187116 0.0000000000 0.0000439742 0.0000550373 0.0000000000
0.2173945352 -0.0001782889 -0.0330000000 0.0065101971 0.0063530708 0.0000000000 0.0000423827 0.0000403615 0.0000000000
0.2166234663 -0.0136019204 -0.0330000000 0.0064673433 0.0056805266 0.0000000000 0.0000418265 0.0000322684 0.0000000000
0.2157938327 -0.0268968468 -0.0330000000 0.0063996288 0.0054068919 0.0000000000 0.0000409552 0.0000292345 0.0000000000
0.2149183803 -0.0399785807 -0.0330000000 0.0063364957 0.0055613403 0.0000000000 0.0000401512 0.0000309285 0.0000000000
0.2141711191 -0.0531924905 -0.0330000000 0.0063749353 0.0061463291 0.0000000000 0.0000406398 0.0000377774 0.0000000000
0.2075721881 0.0434373105 -0.0330000000 0.0089740420 0.0120618428 0.0000000000 0.0000805334 0.0001454881 0.0000000000
0.2065623639 0.0290936186 -0.0330000000 0.0087239851 0.0100427932 0.0000000000 0.0000761079 0.0001008577 0.0000000000
0.2056796580 0.0149666416 -0.0330000000 0.0085917490 0.0084521459 0.0000000000 0.0000738182 0.0000714388 0.0000000000
0.2048205478 0.0009251783 -0.0330000000 0.0084978270 0.0072377479 0.0000000000 0.0000722131 0.0000523850 0.0000000000
0.2039938370 -0.0129749404 -0.0330000000 0.0084567451 0.0064459240 0.0000000000 0.0000715165 0.0000415499 0.0000000000
0.2031489654 -0.0267346142 -0.0330000000 0.0084156167 0.0061181930 0.0000000000 0.0000708226 0.0000374323 0.0000000000
0.2023895673 -0.0403302525 -0.0330000000 0.0084592172 0.0063099684 0.0000000000 0.0000715584 0.0000398157 0.0000000000
0.2016091847 -0.0540658520 -0.0330000000 0.0085318286 0.0069640596 0.0000000000 0.0000727921 0.0000484981 0.0000000000
